# Created by Octave 4.2.2, Wed Mar 25 11:03:24 2020 EDT <peter@peter-Latitude-E7240>
# name: g
# type: matrix
# rows: 384
# columns: 2
 0.01697965227156634 0.6911156892352635
 0.01651642046606553 0.5950462025295056
 0.01641067679295738 0.9031041722599971
 -18.98620187869628 19784.07606291642
 0.01681718015211385 0.4712480584216389
 0.01713193917352003 0.4496967781187066
 0.01669647627067273 0.4462392615475325
 0.01630923387388005 0.7550466140348032
 0.0169816877373025 0.3445872545330124
 0.01626874334216327 0.8362854772163986
 0.01698010520117092 0.2816369847568078
 0.01646903590224966 0.3971724382734269
 0.01660501686396736 0.6302380246010603
 0.01695995345595942 0.4934396204153478
 0.01652184388777668 0.411547739441506
 0.01671293165037473 0.8524761781516308
 0.01731322185839444 0.311796476861282
 0.01623285118402675 0.773355323108065
 0.01743579363512308 -0.1071678481443995
 0.01675095093895619 0.5659952690233984
 0.01663377868557245 0.7928750770954572
 0.01666313559084971 0.398725205624217
 0.01677103221196293 0.2329179692072644
 0.01686116201860215 0.3029278484065347
 22.51707235261967 -23363.08838126975
 -42.15488636265275 44552.68754064756
 0.01699712880009345 0.1530290647989953
 0.01653685642366988 0.4878522814566945
 0.01648370796544197 0.5874290603744498
 0.01635640521048028 0.638157104070663
 -58.77445632223882 61752.57696461891
 -92.2885955697064 95443.00448793024
 0.0168459232791784 2.728296278792585
 0.01729456773630097 2.194698862341102
 77.7823919103723 -69814.47039441891
 -17.47789305078704 15967.98335930531
 -34.98447797075122 31344.47195718862
 -18.78822097576461 17345.97058232656
 -14.20845148590325 13029.41944382725
 -191.3325224966248 175102.1018561997
 19.51326159451992 -17824.99975787666
 192.8744459033705 -176151.8086530037
 -72.39692660274119 67052.40619996014
 0.0168765668994158 2.522768356353271
 0.01676917242409003 2.399876953983472
 0.01718534028595617 2.581748339762215
 0.01638078176516671 2.803235042496866
 -11.20619198454695 10461.33036345162
 -25.0855694876372 23065.86582854616
 -47.98424522921589 44442.35223877758
 0.01682029601657744 2.285169895412307
 -96.77022104210326 89118.20483099722
 41.21943025978354 -39357.24582752657
 -35.36148781017345 32201.54344817547
 49.42181720227995 -45592.63062760292
 -28.17865261242219 25549.39331438851
 0.01625223409092385 2.490790453612811
 -89.01824310471578 81645.52667765261
 -45.50137345854977 41897.82979887648
 0.01669949787141222 2.800176155503769
 55.88702781037153 -50425.53667878927
 -15.48715160198281 14399.03556576464
 0.01684241978645053 2.38483697844924
 -23.45179722183816 22006.68320567522
 -14.54593334352029 15384.75610098191
 -25.98206462531128 27854.42480532288
 -29.80816846188293 32062.42607802403
 0.01717824349047266 -0.2079799509773367
 -30.82111517427477 33794.97304499791
 -67.08128538163243 73471.31047979857
 -168.4501757500738 183866.0253884377
 0.01699994093235998 -0.2726605104355844
 -136.6517226442423 148986.265941417
 0.01669655382145908 -0.3259641091750678
 -31.16491263586925 33144.76982210693
 -44.64174639364401 48340.17055774535
 -56.83730561834614 61148.05478030926
 113.363205026518 -121575.138158147
 -30.96218104143072 33976.61828779351
 -59.78582591120391 65043.32565565709
 -105.5153473073488 113279.6761930885
 -26.60573401997099 28870.53012121332
 161.2407619825071 -177044.5830002252
 -19.55586684355298 21284.92904190319
 -38.09040553548918 41513.14052290394
 -174.9643697337028 189882.7305021104
 0.01716331756460317 -0.5219576195516683
 -32.98815373477874 35670.69445191126
 -49.94348346056947 53892.55975511739
 -86.62569084533057 94546.7790403524
 91.15252198018362 -98625.81609537164
 -27.15995054788319 28971.23581258837
 -43.55382764442481 46952.76691237609
 70.02369942337928 -74426.87808516933
 -668.6613104058323 739580.67057281
 -92.62172528782334 99339.57598236002
 0.01738764290972118 2.238244919770352
 408.477598173729 -377223.0709251075
 0.01681217312945268 2.532969845753202
 -34.06146225563909 32066.9822158357
 -64.04434522654989 58826.45401864279
 -136.1236079752158 126506.9817896597
 -32.67549708902334 30458.36428143852
 -38.94850267424516 35698.58522971969
 -3101.450492446073 2884407.230252761
 -68.1938130607776 63177.21085756314
 0.01678225089828797 2.296076910272088
 109.3153424122644 -99590.77369599913
 95.42681502852534 -88950.90915812836
 -92.42415780704602 85456.23547234098
 -18.62969826017525 16696.53269400589
 95.80977245058958 -86638.98908853182
 -28.67888772039965 26284.57788089033
 -28.29963127626826 25585.39533399278
 -41.30978534048165 37257.64615914655
 -14.38165619798982 12775.22871516737
 -114.6804158912642 105378.750692958
 -34.1971765901923 31377.06338955341
 -83.43793397568312 74829.38719075979
 -19.97169252481625 18603.63088527541
 -58.50709684684137 53745.80894821118
 -34.9899779297205 31806.38505916818
 -16.09589280652296 14888.61159485996
 -12.95803473367724 11744.42275406227
 -33.17342363721828 30475.55402309223
 -52.87876873673875 48574.32303241292
 -53.39581783963212 49667.79828565448
 -61.44461301932163 57392.49738938887
 168.0582383169334 -163750.1809094661
 -205.067634917465 195862.3431445441
 -37.41709716172074 36618.82135208348
 -223.1488645736179 219923.4507019306
 -27.59623262936419 26823.83532745975
 -21.40761728800911 21472.53495778306
 -31.34709052282495 30983.09791377802
 74.58365193733752 -71690.4215929927
 0.01686600084362958 1.732054889671094
 -28.63085906364371 28913.02485979427
 -46.61476701540054 46030.17679694948
 -375.2130390620643 372928.4831302448
 94.87252297007359 -93248.92290912672
 -79.20661112724845 78938.00194676421
 -40.22541282940523 39063.33559925353
 1129.000655814363 -1113920.957660107
 192.3516268354158 -188404.5678399008
 -95.60618182440258 95078.3801297726
 -161.3469483076567 159566.303699349
 -24.33119264284052 24070.87436876917
 -28.89096633437314 28215.12762869928
 -22.32632216226597 21104.81243032364
 -112.7095477487105 111117.8699890165
 -504.046823301391 503260.8566535864
 -28.53832062405676 28340.2358368256
 -40.24020589015849 39964.09736135761
 -59.63358517671401 59488.42198255962
 125.9086078878618 -126576.5939511501
 -18.64248712495393 18608.04953310827
 -23.83052511143859 23661.47115387853
 -24.69895780347469 24996.0285955394
 -71.68929326217048 72335.76032787694
 37.71854178845911 -38657.70213937497
 324.4726680056342 -325349.2905941197
 -35.11568977341524 35668.89218533969
 -23.02582205687213 23633.8324783899
 -20.21365364234275 20692.86240756125
 -33.16041411449996 33211.47124614809
 -37.32787683957662 37223.35369619274
 -36.92085996322515 37981.56202176516
 -25.6363749954559 26428.7033448586
 -30.88872893747545 31800.72263918485
 -104.7311580525201 108860.8972793956
 697.3314750575596 -712640.7051903196
 57.86841327541789 -59366.55141138699
 -21.14445629813397 21767.57346514694
 -139.4446039522353 144219.1737999043
 -251.1325007716995 256644.1384582204
 -41.99125686720758 43141.66012600133
 -40.32730210548839 40486.57896896363
 -20.15905190773801 20670.95340888597
 169.2317438519047 -173521.9685634065
 -20.85878103402376 21692.28257220933
 -22.04849763436024 22780.67298802721
 45.81086327177125 -46007.11501966707
 -42.24799819544528 43249.80156357203
 -28.60735160653891 29110.49759280429
 -25.20702597199653 25356.58692000677
 -52.97545698516415 54388.63990280538
 -47.7555436798299 48418.42392401068
 68.61610265867616 -70891.6767694689
 -46.71115254502586 47186.24578176714
 -22.1476439446198 22978.70750627816
 -24.39357557944418 25271.66167163651
 -32.40370168391173 32804.80634207925
 -17.75782832456976 17908.09044484199
 -15.71791938938683 16247.25568038558
 -18.06506933865649 18513.11993339978
 -282.5918664609662 295943.8463506998
 -23.51135748975643 23870.59737550412
 -22.9843398846116 23209.77097533927
 -49.83500087637011 50775.46877065633
 -44.70105927666682 45416.78967661272
 -68.65158931041374 69598.97389387785
 -125.567732931069 127481.244284236
 -29.00406809037269 30047.57151215698
 -100.4734838774738 105091.2330206162
