# Created by Octave 4.2.2, Tue Apr 21 13:26:26 2020 EDT <peter@peter-Latitude-E7240>
# name: cals
# type: matrix
# rows: 384
# columns: 2
 0.01652379767108069 0.147354520037247
 0.01630499600510181 0.0457973739356774
 0.01616184633660566 0.3643537633382472
 0.01638006046434387 0.01425088970309929
 0.01650041725415027 -0.06256095953134633
 0.01677091481774767 -0.03287784777898395
 0.01640450379439208 0.09581257999260373
 0.01611217845498142 0.211755407233575
 0.01644232402949228 -0.09550303989372111
 0.01611409156558966 0.2645577232683642
 0.01653569529887682 -0.05576523119832189
 0.0162590515408051 -0.06758088755072578
 0.01631485815055933 0.1475136007049187
 0.01649105754534932 0.1297910787605403
 0.01620233630478904 -0.0802760489062706
 0.01639039652708717 0.4039425235269363
 0.01686063515992902 -0.08527231119260392
 0.01616299379441159 0.1756046706085215
 0.01683952693662029 -0.3426127963000027
 0.01645487193091209 0.09150743208964229
 0.01639422644027667 0.3159469405991402
 0.01639236973995407 -0.1092934269933821
 0.01645273160148804 -0.1495644212647846
 0.01650974629482145 -0.1230281805706142
 0.01657968395530323 0.0743362272352357
 0.01611530734572338 0.2227470390846413
 0.01664265429830854 -0.2228782601841175
 0.01625201657887865 0.0005122983831853389
 0.01622192871119515 0.1307620215672785
 0.01620850553099367 0.06416130123103869
 0.01643366657399873 0.06598829301245956
 0.01655081411306866 0.1668520934299877
 0.01660268445779916 1.911416053457025
 0.01691563061970783 1.619826089429903
 0.01676524978231225 2.012582468711734
 0.01665732392875361 1.910347609189877
 0.01686860757237306 1.843956284300639
 0.01644565960239483 1.863661593048075
 0.01651971710651914 2.045530878937178
 0.01664872742770725 1.769770232512784
 0.01656986248183038 1.918113015106737
 0.01660445153989773 1.865106329017031
 0.01679014127698378 1.500135423419763
 0.0165383139996713 1.645293122234051
 0.01644335155244134 1.685467975921473
 0.01685025887826052 1.86576311030878
 0.01628541059694049 1.987106036528886
 0.01631905555826387 1.966305915437527
 0.0166409270090696 1.756903130306927
 0.01637124290257729 1.926782244422068
 0.01648359438688888 1.582606825394546
 0.01644244811510546 1.94802043592107
 0.01643558218291171 1.333843451759442
 0.01687344703657418 1.640086009912054
 0.01673923179247194 1.630374052307154
 0.01674616487651887 1.880057793664665
 0.01611567167467102 1.728032662093685
 0.01668188928737831 1.744180841116204
 0.01664454970695358 1.716121327198323
 0.01640246683618305 2.106693350303544
 0.01667878488893388 1.895183366468757
 0.01662361048675311 1.571613687228702
 0.01656990533842975 1.681133638399483
 0.01632238626651676 1.563203749427093
 0.01678646570659703 -0.6901871989508805
 0.01649878999363583 -0.6892002719177981
 0.01648208550286811 -0.6964118269775454
 0.01679599243062345 -0.7334111695883507
 0.01652144966158251 -1.051114584075719
 0.0166076796563822 -1.096200864711939
 0.01662358860023169 -1.077838741312029
 0.01670045377692869 -0.8937721312902767
 0.01661525127265326 -1.108079658900223
 0.01648191110002145 -0.9892243779392516
 0.01661871016766921 -0.5564320971755521
 0.01643846957377875 -0.7576412132181076
 0.01690261232339741 -1.095054287634738
 0.01648530798521098 -0.6514988031429283
 0.01648708275610992 -0.9540052801719767
 0.01642204012627795 -0.7944562962131201
 0.01663304798376052 -0.7815263945841409
 0.01672105447022111 -1.20038732719518
 0.01674303769341452 -1.361412378152899
 0.01677842976944632 -1.198384813551208
 0.01664704017569916 -1.117938673679532
 0.01670300445697838 -1.101567753368045
 0.01675103064317692 -1.062146365747829
 0.01672455144583028 -1.016098632472456
 0.01661114426707318 -0.9759333624324285
 0.01638243111609843 -1.020069093437421
 0.01676798144820511 -1.051602567561623
 0.01696153971866224 -1.119801739743004
 0.01657150475948886 -0.8401937936054296
 0.01676881098392103 -1.014549720716744
 0.01633091566952373 -0.9859759532414003
 0.01679950749234964 -0.9102353009347155
 0.01695018259914648 1.615146691220691
 0.01676046829910301 1.587009798975668
 0.01659795256802265 1.777545622754836
 0.0165012055186338 1.629225954204852
 0.01660098106479216 1.792886253811922
 0.01652656038183957 1.720991773943837
 0.01668266385794623 1.466961824558005
 0.01693770289924043 1.555013153375427
 0.01644636419798907 1.890377250286242
 0.01653154151809266 1.721316682415942
 0.01678472694110063 1.435997037296207
 0.01659556740512909 1.921479909308275
 0.01636314983362766 1.679495598285918
 0.01652642170598553 1.755811928272873
 0.01681076494657777 2.011258148151914
 0.01629833517112537 2.258267858425537
 0.01679634058813472 1.678791008991116
 0.01677880852545567 1.902507398634793
 0.01678572899556032 1.896465344943714
 0.01689816778652723 2.027072624198041
 0.01682975197305565 1.569168359323754
 0.01680667033303231 1.681794659526574
 0.01681605520031209 1.962847817974094
 0.0165814733681381 1.671111094277205
 0.01672240662805213 1.756285308476265
 0.01666689159861097 1.979661706248411
 0.01675162432590358 1.61634680300175
 0.01669183003251253 1.912883288279772
 0.01680344972378508 1.629773400239884
 0.01681038446276184 1.658799326080274
 0.01682900370438961 1.45741669954743
 0.01657479630840046 1.664909404234095
 0.01654161094171644 0.8711495231422148
 0.01675770257461405 1.021000088777917
 0.01631878293467665 1.115472840520141
 0.0163652085849928 0.9833977928241637
 0.01661300433412096 0.8576920862613058
 0.0164621901663392 0.6252031671048783
 0.0164876989743176 0.8788691388274756
 0.01669256951217714 1.019414443096665
 0.01650934989696496 1.108008449209347
 0.01625549866588687 0.7018951999723804
 0.01671141220300116 0.5639289435528418
 0.01646228273067218 0.6706626072829671
 0.0166455445910978 0.7295978814441497
 0.01670759977869852 0.4300350660666972
 0.01658327751692863 1.004453245766925
 0.01673267211036911 0.6261006350327563
 0.01659515133658631 0.810645684241134
 0.01626806686278537 0.8660145069419833
 0.01622875486866063 1.113670696739504
 0.01663596913429833 0.7059026011582041
 0.01647614630570136 1.020559575486978
 0.01672118448133607 1.260649459461721
 0.01645998985169466 0.7661848528635318
 0.01632269236855392 0.8596018840767208
 0.01645345861522397 0.7802081077446488
 0.0163663727554331 0.8185695616659991
 0.01682617553421615 0.4004185010287777
 0.01630002984162771 0.7053932076555007
 0.01650696918996571 0.5921018677926106
 0.01659221098990135 0.6707142213751034
 0.01614020529390176 0.8267273108296322
 0.01618367991511296 0.8054004349044774
 0.01657383037012503 0.05678221139513795
 0.01640212807005815 0.6128307033889051
 0.01674680431026085 0.03775748071137031
 0.01684722660520023 -0.2893009746945552
 0.01646858192429922 0.2508722935931544
 0.01664277529210475 0.4527627141408104
 0.01649257870481881 0.673837689694377
 0.01633050556258378 0.3095717457204579
 0.01670060026944465 -0.2200828706640152
 0.01638345196622109 0.3175262748227574
 0.01643657348563347 -0.09089757949627142
 0.01652287022400206 0.1262444135821781
 0.01645850581467105 0.1510017837747029
 0.01634283222962291 0.2463907968371366
 0.01621596433072922 0.2601898660161623
 0.01632393564592931 0.2912752477502174
 0.01638802919966691 0.300598372189377
 0.01698891690224674 -0.08664850063511409
 0.01654871463368241 0.1249282210663338
 0.01673188101205354 -0.1644306342114632
 0.01647210937634319 -0.0873941172400734
 0.0164531822389171 0.1326446943974844
 0.01659668765126696 0.3392018710345965
 0.01639222681993971 0.264257640824038
 0.01651769518281766 0.2968997817389756
 0.01655277202243144 0.3975000715681709
 0.01660811118810316 -0.0007170367730466864
 0.01657018466659875 0.2813326790941488
 0.01623254672777122 0.2069281166837342
 0.01667770063507827 0.229096110192291
 0.01628034978704872 0.237581429911522
 0.01641742568461597 0.07525125426730739
 0.01658537095155569 0.2759492078684431
 0.01658571546420841 0.3727861827529111
 0.01656107743735757 -0.01912704452455927
 0.01648411696304907 0.2314069159909735
 0.01628630090116059 0.08849500305377234
